topology: 2 4 1
eta: 0.15
momentum: 0.2
transfer_function: sig
in: 1.0 0.0
out: 1.0
in: 1.0 1.0
out: 0.0
in: 0.0 1.0
out: 1.0
in: 0.0 0.0
out: 0.0

neuron: 0.9412961674525954 6.217182016093651 4.612603618373051 1.7691489463483392
neuron: 2.5713852650774593 5.747800890628489 -2.5564168329520784 3.5195071941090763
neuron: -2.4050189804192748 -2.2764321328906396 1.2719373580056004 -3.8463226044334413

neuron: -3.6642446228283303
neuron: 9.03425665553993
neuron: -4.6455687702675785
neuron: -5.868871321400445
neuron: 0.0017099185743320263
